99.849397590361448     
   99.548192771084331     
   99.246987951807228     
   98.945783132530124     
   98.644578313253007     
   98.343373493975903     
   98.042168674698800     
   97.740963855421683     
   97.439759036144579     
   97.138554216867476     
   96.837349397590359     
   96.536144578313255     
   96.234939759036138     
   95.933734939759034     
   95.632530120481931     
   95.331325301204814     
   95.030120481927710     
   94.728915662650607     
   94.427710843373490     
   94.126506024096386     
   93.825301204819283     
   93.524096385542165     
   93.222891566265062     
   92.921686746987945     
   92.620481927710841     
   92.319277108433738     
   92.018072289156621     
   91.716867469879517     
   91.415662650602414     
   91.114457831325296     
   90.813253012048193     
   90.512048192771090     
   90.210843373493972     
   89.909638554216869     
   89.608433734939752     
   89.307228915662648     
   89.006024096385545     
   88.704819277108442     
   88.403614457831324     
   88.102409638554221     
   87.801204819277103     
   87.500000000000000     
   87.198795180722897     
   86.897590361445779     
   86.596385542168676     
   86.295180722891558     
   85.993975903614455     
   85.692771084337352     
   85.391566265060248     
   85.090361445783131     
   84.789156626506028     
   84.487951807228910     
   84.186746987951807     
   83.885542168674704     
   83.584337349397586     
   83.283132530120483     
   82.981927710843365     
   82.680722891566262     
   82.379518072289159     
   82.078313253012055     
   81.777108433734938     
   81.475903614457835     
   81.174698795180717     
   80.873493975903614     
   80.572289156626510     
   80.271084337349393     
   79.969879518072290     
   79.668674698795172     
   79.367469879518069     
   79.066265060240966     
   78.765060240963862     
   78.463855421686745     
   78.162650602409641     
   77.861445783132524     
   77.560240963855421     
   77.259036144578317     
   76.957831325301200     
   76.656626506024097     
   76.355421686746993     
   76.054216867469876     
   75.753012048192772     
   75.451807228915669     
   75.150602409638552     
   74.849397590361448     
   74.548192771084331     
   74.246987951807228     
   73.945783132530124     
   73.644578313253007     
   73.343373493975903     
   73.042168674698800     
   72.740963855421683     
   72.439759036144579     
   72.138554216867476     
   71.837349397590359     
   71.536144578313255     
   71.234939759036138     
   70.933734939759034     
   70.632530120481931     
   70.331325301204828     
   70.030120481927710     
   69.728915662650607     
   69.427710843373490     
   69.126506024096386     
   68.825301204819283     
   68.524096385542165     
   68.222891566265062     
   67.921686746987945     
   67.620481927710841     
   67.319277108433738     
   67.018072289156635     
   66.716867469879517     
   66.415662650602400     
   66.114457831325296     
   65.813253012048193     
   65.512048192771090     
   65.210843373493987     
   64.909638554216869     
   64.608433734939752     
   64.307228915662648     
   64.006024096385545     
   63.704819277108435     
   63.403614457831324     
   63.102409638554214     
   62.801204819277110     
   62.500000000000000     
   62.198795180722890     
   61.897590361445786     
   61.596385542168676     
   61.295180722891565     
   60.993975903614455     
   60.692771084337352     
   60.391566265060241     
   60.090361445783131     
   59.789156626506021     
   59.487951807228917     
   59.186746987951807     
   58.885542168674696     
   58.584337349397593     
   58.283132530120483     
   57.981927710843372     
   57.680722891566262     
   57.379518072289159     
   57.078313253012048     
   56.777108433734938     
   56.475903614457835     
   56.174698795180724     
   55.873493975903614     
   55.572289156626503     
   55.271084337349400     
   54.969879518072290     
   54.668674698795179     
   54.367469879518069     
   54.066265060240966     
   53.765060240963855     
   53.463855421686745     
   53.162650602409641     
   52.861445783132531     
   52.560240963855421     
   52.259036144578310     
   51.957831325301207     
   51.656626506024097     
   51.355421686746986     
   51.054216867469883     
   50.753012048192772     
   50.451807228915662     
   50.150602409638552     
   49.849397590361448     
   49.548192771084338     
   49.246987951807228     
   48.945783132530117     
   48.644578313253014     
   48.343373493975903     
   48.042168674698793     
   47.740963855421690     
   47.439759036144579     
   47.138554216867469     
   46.837349397590359     
   46.536144578313255     
   46.234939759036145     
   45.933734939759034     
   45.632530120481931     
   45.331325301204821     
   45.030120481927710     
   44.728915662650600     
   44.427710843373497     
   44.126506024096386     
   43.825301204819276     
   43.524096385542165     
   43.222891566265062     
   42.921686746987952     
   42.620481927710841     
   42.319277108433738     
   42.018072289156628     
   41.716867469879517     
   41.415662650602407     
   41.114457831325304     
   40.813253012048193     
   40.512048192771083     
   40.210843373493979     
   39.909638554216869     
   39.608433734939759     
   39.307228915662648     
   39.006024096385545     
   38.704819277108435     
   38.403614457831324     
   38.102409638554214     
   37.801204819277110     
   37.500000000000000     
   37.198795180722890     
   36.897590361445786     
   36.596385542168676     
   36.295180722891565     
   35.993975903614455     
   35.692771084337352     
   35.391566265060234     
   35.090361445783131     
   34.789156626506028     
   34.487951807228910     
   34.186746987951807     
   33.885542168674704     
   33.584337349397586     
   33.283132530120483     
   32.981927710843379     
   32.680722891566262     
   32.379518072289159     
   32.078313253012041     
   31.777108433734938     
   31.475903614457835     
   31.174698795180717     
   30.873493975903614     
   30.572289156626510     
   30.271084337349393     
   29.969879518072290     
   29.668674698795186     
   29.367469879518069     
   29.066265060240966     
   28.765060240963862     
   28.463855421686745     
   28.162650602409641     
   27.861445783132524     
   27.560240963855421     
   27.259036144578317     
   26.957831325301200     
   26.656626506024097     
   26.355421686746993     
   26.054216867469876     
   25.753012048192772     
   25.451807228915669     
   25.150602409638552     
   24.849397590361448     
   24.548192771084331     
   24.246987951807228     
   23.945783132530124     
   23.644578313253007     
   23.343373493975903     
   23.042168674698800     
   22.740963855421683     
   22.439759036144579     
   22.138554216867476     
   21.837349397590359     
   21.536144578313255     
   21.234939759036138     
   20.933734939759034     
   20.632530120481931     
   20.331325301204814     
   20.030120481927710     
   19.728915662650607     
   19.427710843373490     
   19.126506024096386     
   18.825301204819283     
   18.524096385542165     
   18.222891566265062     
   17.921686746987959     
   17.620481927710841     
   17.319277108433738     
   17.018072289156621     
   16.716867469879517     
   16.415662650602414     
   16.114457831325296     
   15.813253012048193     
   15.512048192771090     
   15.210843373493972     
   14.909638554216869     
   14.608433734939766     
   14.307228915662648     
   14.006024096385545     
   13.704819277108427     
   13.403614457831324     
   13.102409638554221     
   12.801204819277103     
   12.500000000000000     
   12.198795180722897     
   11.897590361445779     
   11.596385542168676     
   11.295180722891573     
   10.993975903614455     
   10.692771084337352     
   10.391566265060234     
   10.090361445783131     
   9.7891566265060277     
   9.4879518072289102     
   9.1867469879518069     
   8.8855421686747036     
   8.5843373493975861     
   8.2831325301204828     
   7.9819277108433795     
   7.6807228915662620     
   7.3795180722891587     
   7.0783132530120412     
   6.7771084337349379     
   6.4759036144578346     
   6.1746987951807171     
   5.8734939759036138     
   5.5722891566265105     
   5.2710843373493930     
   4.9698795180722897     
   4.6686746987951864     
   4.3674698795180689     
   4.0662650602409656     
   3.7650602409638623     
   3.4638554216867448     
   3.1626506024096415     
   2.8614457831325240     
   2.5602409638554207     
   2.2590361445783174     
   1.9578313253011999     
   1.6566265060240966     
   1.3554216867469933     
   1.0542168674698758     
  0.75301204819277245     
  0.45180722891566916     
  0.15060240963855165     

